{
 "cells": [
  {
   "cell_type": "code",
   "execution_count": 1,
   "id": "eb833fe8-4bc6-4208-a5a9-d8b3a5e05869",
   "metadata": {},
   "outputs": [],
   "source": [
    "import numpy as np\n",
    "import pandas as pd\n",
    "from matplotlib.pyplot import subplots\n",
    "import statsmodels.api as sm\n",
    "from ISLP import load_data\n",
    "from ISLP.models import (ModelSpec as MS,\n",
    "summarize)"
   ]
  },
  {
   "cell_type": "code",
   "execution_count": 2,
   "id": "02aa18e2-2e1a-433a-a85f-11d7ff371dc0",
   "metadata": {},
   "outputs": [],
   "source": [
    " from ISLP import confusion_table\n",
    "from ISLP.models import contrast\n",
    "from sklearn.discriminant_analysis import \\\n",
    "(LinearDiscriminantAnalysis as LDA,\n",
    "QuadraticDiscriminantAnalysis as QDA)\n",
    "from sklearn.naive_bayes import GaussianNB\n",
    "from sklearn.neighbors import KNeighborsClassifier\n",
    "from sklearn.preprocessing import StandardScaler\n",
    "from sklearn.model_selection import train_test_split\n",
    "from sklearn.linear_model import LogisticRegression"
   ]
  },
  {
   "cell_type": "code",
   "execution_count": 3,
   "id": "21274e23-a0c5-42a6-9bd9-d4015c77c213",
   "metadata": {},
   "outputs": [
    {
     "data": {
      "text/html": [
       "<div>\n",
       "<style scoped>\n",
       "    .dataframe tbody tr th:only-of-type {\n",
       "        vertical-align: middle;\n",
       "    }\n",
       "\n",
       "    .dataframe tbody tr th {\n",
       "        vertical-align: top;\n",
       "    }\n",
       "\n",
       "    .dataframe thead th {\n",
       "        text-align: right;\n",
       "    }\n",
       "</style>\n",
       "<table border=\"1\" class=\"dataframe\">\n",
       "  <thead>\n",
       "    <tr style=\"text-align: right;\">\n",
       "      <th></th>\n",
       "      <th>Year</th>\n",
       "      <th>Lag1</th>\n",
       "      <th>Lag2</th>\n",
       "      <th>Lag3</th>\n",
       "      <th>Lag4</th>\n",
       "      <th>Lag5</th>\n",
       "      <th>Volume</th>\n",
       "      <th>Today</th>\n",
       "      <th>Direction</th>\n",
       "    </tr>\n",
       "  </thead>\n",
       "  <tbody>\n",
       "    <tr>\n",
       "      <th>0</th>\n",
       "      <td>2001</td>\n",
       "      <td>0.381</td>\n",
       "      <td>-0.192</td>\n",
       "      <td>-2.624</td>\n",
       "      <td>-1.055</td>\n",
       "      <td>5.010</td>\n",
       "      <td>1.19130</td>\n",
       "      <td>0.959</td>\n",
       "      <td>Up</td>\n",
       "    </tr>\n",
       "    <tr>\n",
       "      <th>1</th>\n",
       "      <td>2001</td>\n",
       "      <td>0.959</td>\n",
       "      <td>0.381</td>\n",
       "      <td>-0.192</td>\n",
       "      <td>-2.624</td>\n",
       "      <td>-1.055</td>\n",
       "      <td>1.29650</td>\n",
       "      <td>1.032</td>\n",
       "      <td>Up</td>\n",
       "    </tr>\n",
       "    <tr>\n",
       "      <th>2</th>\n",
       "      <td>2001</td>\n",
       "      <td>1.032</td>\n",
       "      <td>0.959</td>\n",
       "      <td>0.381</td>\n",
       "      <td>-0.192</td>\n",
       "      <td>-2.624</td>\n",
       "      <td>1.41120</td>\n",
       "      <td>-0.623</td>\n",
       "      <td>Down</td>\n",
       "    </tr>\n",
       "    <tr>\n",
       "      <th>3</th>\n",
       "      <td>2001</td>\n",
       "      <td>-0.623</td>\n",
       "      <td>1.032</td>\n",
       "      <td>0.959</td>\n",
       "      <td>0.381</td>\n",
       "      <td>-0.192</td>\n",
       "      <td>1.27600</td>\n",
       "      <td>0.614</td>\n",
       "      <td>Up</td>\n",
       "    </tr>\n",
       "    <tr>\n",
       "      <th>4</th>\n",
       "      <td>2001</td>\n",
       "      <td>0.614</td>\n",
       "      <td>-0.623</td>\n",
       "      <td>1.032</td>\n",
       "      <td>0.959</td>\n",
       "      <td>0.381</td>\n",
       "      <td>1.20570</td>\n",
       "      <td>0.213</td>\n",
       "      <td>Up</td>\n",
       "    </tr>\n",
       "    <tr>\n",
       "      <th>...</th>\n",
       "      <td>...</td>\n",
       "      <td>...</td>\n",
       "      <td>...</td>\n",
       "      <td>...</td>\n",
       "      <td>...</td>\n",
       "      <td>...</td>\n",
       "      <td>...</td>\n",
       "      <td>...</td>\n",
       "      <td>...</td>\n",
       "    </tr>\n",
       "    <tr>\n",
       "      <th>1245</th>\n",
       "      <td>2005</td>\n",
       "      <td>0.422</td>\n",
       "      <td>0.252</td>\n",
       "      <td>-0.024</td>\n",
       "      <td>-0.584</td>\n",
       "      <td>-0.285</td>\n",
       "      <td>1.88850</td>\n",
       "      <td>0.043</td>\n",
       "      <td>Up</td>\n",
       "    </tr>\n",
       "    <tr>\n",
       "      <th>1246</th>\n",
       "      <td>2005</td>\n",
       "      <td>0.043</td>\n",
       "      <td>0.422</td>\n",
       "      <td>0.252</td>\n",
       "      <td>-0.024</td>\n",
       "      <td>-0.584</td>\n",
       "      <td>1.28581</td>\n",
       "      <td>-0.955</td>\n",
       "      <td>Down</td>\n",
       "    </tr>\n",
       "    <tr>\n",
       "      <th>1247</th>\n",
       "      <td>2005</td>\n",
       "      <td>-0.955</td>\n",
       "      <td>0.043</td>\n",
       "      <td>0.422</td>\n",
       "      <td>0.252</td>\n",
       "      <td>-0.024</td>\n",
       "      <td>1.54047</td>\n",
       "      <td>0.130</td>\n",
       "      <td>Up</td>\n",
       "    </tr>\n",
       "    <tr>\n",
       "      <th>1248</th>\n",
       "      <td>2005</td>\n",
       "      <td>0.130</td>\n",
       "      <td>-0.955</td>\n",
       "      <td>0.043</td>\n",
       "      <td>0.422</td>\n",
       "      <td>0.252</td>\n",
       "      <td>1.42236</td>\n",
       "      <td>-0.298</td>\n",
       "      <td>Down</td>\n",
       "    </tr>\n",
       "    <tr>\n",
       "      <th>1249</th>\n",
       "      <td>2005</td>\n",
       "      <td>-0.298</td>\n",
       "      <td>0.130</td>\n",
       "      <td>-0.955</td>\n",
       "      <td>0.043</td>\n",
       "      <td>0.422</td>\n",
       "      <td>1.38254</td>\n",
       "      <td>-0.489</td>\n",
       "      <td>Down</td>\n",
       "    </tr>\n",
       "  </tbody>\n",
       "</table>\n",
       "<p>1250 rows × 9 columns</p>\n",
       "</div>"
      ],
      "text/plain": [
       "      Year   Lag1   Lag2   Lag3   Lag4   Lag5   Volume  Today Direction\n",
       "0     2001  0.381 -0.192 -2.624 -1.055  5.010  1.19130  0.959        Up\n",
       "1     2001  0.959  0.381 -0.192 -2.624 -1.055  1.29650  1.032        Up\n",
       "2     2001  1.032  0.959  0.381 -0.192 -2.624  1.41120 -0.623      Down\n",
       "3     2001 -0.623  1.032  0.959  0.381 -0.192  1.27600  0.614        Up\n",
       "4     2001  0.614 -0.623  1.032  0.959  0.381  1.20570  0.213        Up\n",
       "...    ...    ...    ...    ...    ...    ...      ...    ...       ...\n",
       "1245  2005  0.422  0.252 -0.024 -0.584 -0.285  1.88850  0.043        Up\n",
       "1246  2005  0.043  0.422  0.252 -0.024 -0.584  1.28581 -0.955      Down\n",
       "1247  2005 -0.955  0.043  0.422  0.252 -0.024  1.54047  0.130        Up\n",
       "1248  2005  0.130 -0.955  0.043  0.422  0.252  1.42236 -0.298      Down\n",
       "1249  2005 -0.298  0.130 -0.955  0.043  0.422  1.38254 -0.489      Down\n",
       "\n",
       "[1250 rows x 9 columns]"
      ]
     },
     "execution_count": 3,
     "metadata": {},
     "output_type": "execute_result"
    }
   ],
   "source": [
    "# Now we are ready to load the Smarket data.\n",
    "Smarket = load_data('Smarket')\n",
    "Smarket"
   ]
  },
  {
   "cell_type": "markdown",
   "id": "2da34222-5535-4b84-a7be-50474b728918",
   "metadata": {},
   "source": [
    "This gives a truncated listing of the data, which we do not show here. We\n",
    "can see what the variable names are."
   ]
  },
  {
   "cell_type": "code",
   "execution_count": 4,
   "id": "f2a51d37-18a6-4e23-8ca7-e615bd59140a",
   "metadata": {},
   "outputs": [
    {
     "data": {
      "text/plain": [
       "Index(['Year', 'Lag1', 'Lag2', 'Lag3', 'Lag4', 'Lag5', 'Volume', 'Today',\n",
       "       'Direction'],\n",
       "      dtype='object')"
      ]
     },
     "execution_count": 4,
     "metadata": {},
     "output_type": "execute_result"
    }
   ],
   "source": [
    "Smarket.columns"
   ]
  },
  {
   "cell_type": "markdown",
   "id": "b95f2cea-11e6-4e63-a0a6-78bc042723f5",
   "metadata": {},
   "source": [
    "We compute the correlation matrix using the corr() method for data .corr() frames, which produces a matrix that contains all of the pairwise correlations among the variables. (We suppress the output here.) The pandas\n",
    "library does not report a correlation for the Direction variable because it\n",
    "is qualitative."
   ]
  },
  {
   "cell_type": "code",
   "execution_count": 14,
   "id": "06fc1c2d-441d-49cd-9a02-e28b35436e72",
   "metadata": {},
   "outputs": [
    {
     "data": {
      "text/html": [
       "<div>\n",
       "<style scoped>\n",
       "    .dataframe tbody tr th:only-of-type {\n",
       "        vertical-align: middle;\n",
       "    }\n",
       "\n",
       "    .dataframe tbody tr th {\n",
       "        vertical-align: top;\n",
       "    }\n",
       "\n",
       "    .dataframe thead th {\n",
       "        text-align: right;\n",
       "    }\n",
       "</style>\n",
       "<table border=\"1\" class=\"dataframe\">\n",
       "  <thead>\n",
       "    <tr style=\"text-align: right;\">\n",
       "      <th></th>\n",
       "      <th>Year</th>\n",
       "      <th>Lag1</th>\n",
       "      <th>Lag2</th>\n",
       "      <th>Lag3</th>\n",
       "      <th>Lag4</th>\n",
       "      <th>Lag5</th>\n",
       "      <th>Volume</th>\n",
       "      <th>Today</th>\n",
       "    </tr>\n",
       "  </thead>\n",
       "  <tbody>\n",
       "    <tr>\n",
       "      <th>Year</th>\n",
       "      <td>1.000000</td>\n",
       "      <td>0.029700</td>\n",
       "      <td>0.030596</td>\n",
       "      <td>0.033195</td>\n",
       "      <td>0.035689</td>\n",
       "      <td>0.029788</td>\n",
       "      <td>0.539006</td>\n",
       "      <td>0.030095</td>\n",
       "    </tr>\n",
       "    <tr>\n",
       "      <th>Lag1</th>\n",
       "      <td>0.029700</td>\n",
       "      <td>1.000000</td>\n",
       "      <td>-0.026294</td>\n",
       "      <td>-0.010803</td>\n",
       "      <td>-0.002986</td>\n",
       "      <td>-0.005675</td>\n",
       "      <td>0.040910</td>\n",
       "      <td>-0.026155</td>\n",
       "    </tr>\n",
       "    <tr>\n",
       "      <th>Lag2</th>\n",
       "      <td>0.030596</td>\n",
       "      <td>-0.026294</td>\n",
       "      <td>1.000000</td>\n",
       "      <td>-0.025897</td>\n",
       "      <td>-0.010854</td>\n",
       "      <td>-0.003558</td>\n",
       "      <td>-0.043383</td>\n",
       "      <td>-0.010250</td>\n",
       "    </tr>\n",
       "    <tr>\n",
       "      <th>Lag3</th>\n",
       "      <td>0.033195</td>\n",
       "      <td>-0.010803</td>\n",
       "      <td>-0.025897</td>\n",
       "      <td>1.000000</td>\n",
       "      <td>-0.024051</td>\n",
       "      <td>-0.018808</td>\n",
       "      <td>-0.041824</td>\n",
       "      <td>-0.002448</td>\n",
       "    </tr>\n",
       "    <tr>\n",
       "      <th>Lag4</th>\n",
       "      <td>0.035689</td>\n",
       "      <td>-0.002986</td>\n",
       "      <td>-0.010854</td>\n",
       "      <td>-0.024051</td>\n",
       "      <td>1.000000</td>\n",
       "      <td>-0.027084</td>\n",
       "      <td>-0.048414</td>\n",
       "      <td>-0.006900</td>\n",
       "    </tr>\n",
       "    <tr>\n",
       "      <th>Lag5</th>\n",
       "      <td>0.029788</td>\n",
       "      <td>-0.005675</td>\n",
       "      <td>-0.003558</td>\n",
       "      <td>-0.018808</td>\n",
       "      <td>-0.027084</td>\n",
       "      <td>1.000000</td>\n",
       "      <td>-0.022002</td>\n",
       "      <td>-0.034860</td>\n",
       "    </tr>\n",
       "    <tr>\n",
       "      <th>Volume</th>\n",
       "      <td>0.539006</td>\n",
       "      <td>0.040910</td>\n",
       "      <td>-0.043383</td>\n",
       "      <td>-0.041824</td>\n",
       "      <td>-0.048414</td>\n",
       "      <td>-0.022002</td>\n",
       "      <td>1.000000</td>\n",
       "      <td>0.014592</td>\n",
       "    </tr>\n",
       "    <tr>\n",
       "      <th>Today</th>\n",
       "      <td>0.030095</td>\n",
       "      <td>-0.026155</td>\n",
       "      <td>-0.010250</td>\n",
       "      <td>-0.002448</td>\n",
       "      <td>-0.006900</td>\n",
       "      <td>-0.034860</td>\n",
       "      <td>0.014592</td>\n",
       "      <td>1.000000</td>\n",
       "    </tr>\n",
       "  </tbody>\n",
       "</table>\n",
       "</div>"
      ],
      "text/plain": [
       "            Year      Lag1      Lag2      Lag3      Lag4      Lag5    Volume  \\\n",
       "Year    1.000000  0.029700  0.030596  0.033195  0.035689  0.029788  0.539006   \n",
       "Lag1    0.029700  1.000000 -0.026294 -0.010803 -0.002986 -0.005675  0.040910   \n",
       "Lag2    0.030596 -0.026294  1.000000 -0.025897 -0.010854 -0.003558 -0.043383   \n",
       "Lag3    0.033195 -0.010803 -0.025897  1.000000 -0.024051 -0.018808 -0.041824   \n",
       "Lag4    0.035689 -0.002986 -0.010854 -0.024051  1.000000 -0.027084 -0.048414   \n",
       "Lag5    0.029788 -0.005675 -0.003558 -0.018808 -0.027084  1.000000 -0.022002   \n",
       "Volume  0.539006  0.040910 -0.043383 -0.041824 -0.048414 -0.022002  1.000000   \n",
       "Today   0.030095 -0.026155 -0.010250 -0.002448 -0.006900 -0.034860  0.014592   \n",
       "\n",
       "           Today  \n",
       "Year    0.030095  \n",
       "Lag1   -0.026155  \n",
       "Lag2   -0.010250  \n",
       "Lag3   -0.002448  \n",
       "Lag4   -0.006900  \n",
       "Lag5   -0.034860  \n",
       "Volume  0.014592  \n",
       "Today   1.000000  "
      ]
     },
     "execution_count": 14,
     "metadata": {},
     "output_type": "execute_result"
    }
   ],
   "source": [
    "Smarket.select_dtypes(include=['float64', 'int64']).corr()"
   ]
  },
  {
   "cell_type": "code",
   "execution_count": 18,
   "id": "31e7498e-ca87-4591-9cc6-6761ac6c342d",
   "metadata": {},
   "outputs": [
    {
     "data": {
      "text/html": [
       "<div>\n",
       "<style scoped>\n",
       "    .dataframe tbody tr th:only-of-type {\n",
       "        vertical-align: middle;\n",
       "    }\n",
       "\n",
       "    .dataframe tbody tr th {\n",
       "        vertical-align: top;\n",
       "    }\n",
       "\n",
       "    .dataframe thead th {\n",
       "        text-align: right;\n",
       "    }\n",
       "</style>\n",
       "<table border=\"1\" class=\"dataframe\">\n",
       "  <thead>\n",
       "    <tr style=\"text-align: right;\">\n",
       "      <th></th>\n",
       "      <th>Year</th>\n",
       "      <th>Lag1</th>\n",
       "      <th>Lag2</th>\n",
       "      <th>Lag3</th>\n",
       "      <th>Lag4</th>\n",
       "      <th>Lag5</th>\n",
       "      <th>Volume</th>\n",
       "      <th>Today</th>\n",
       "    </tr>\n",
       "  </thead>\n",
       "  <tbody>\n",
       "    <tr>\n",
       "      <th>Year</th>\n",
       "      <td>1.000000</td>\n",
       "      <td>0.029700</td>\n",
       "      <td>0.030596</td>\n",
       "      <td>0.033195</td>\n",
       "      <td>0.035689</td>\n",
       "      <td>0.029788</td>\n",
       "      <td>0.539006</td>\n",
       "      <td>0.030095</td>\n",
       "    </tr>\n",
       "    <tr>\n",
       "      <th>Lag1</th>\n",
       "      <td>0.029700</td>\n",
       "      <td>1.000000</td>\n",
       "      <td>-0.026294</td>\n",
       "      <td>-0.010803</td>\n",
       "      <td>-0.002986</td>\n",
       "      <td>-0.005675</td>\n",
       "      <td>0.040910</td>\n",
       "      <td>-0.026155</td>\n",
       "    </tr>\n",
       "    <tr>\n",
       "      <th>Lag2</th>\n",
       "      <td>0.030596</td>\n",
       "      <td>-0.026294</td>\n",
       "      <td>1.000000</td>\n",
       "      <td>-0.025897</td>\n",
       "      <td>-0.010854</td>\n",
       "      <td>-0.003558</td>\n",
       "      <td>-0.043383</td>\n",
       "      <td>-0.010250</td>\n",
       "    </tr>\n",
       "    <tr>\n",
       "      <th>Lag3</th>\n",
       "      <td>0.033195</td>\n",
       "      <td>-0.010803</td>\n",
       "      <td>-0.025897</td>\n",
       "      <td>1.000000</td>\n",
       "      <td>-0.024051</td>\n",
       "      <td>-0.018808</td>\n",
       "      <td>-0.041824</td>\n",
       "      <td>-0.002448</td>\n",
       "    </tr>\n",
       "    <tr>\n",
       "      <th>Lag4</th>\n",
       "      <td>0.035689</td>\n",
       "      <td>-0.002986</td>\n",
       "      <td>-0.010854</td>\n",
       "      <td>-0.024051</td>\n",
       "      <td>1.000000</td>\n",
       "      <td>-0.027084</td>\n",
       "      <td>-0.048414</td>\n",
       "      <td>-0.006900</td>\n",
       "    </tr>\n",
       "    <tr>\n",
       "      <th>Lag5</th>\n",
       "      <td>0.029788</td>\n",
       "      <td>-0.005675</td>\n",
       "      <td>-0.003558</td>\n",
       "      <td>-0.018808</td>\n",
       "      <td>-0.027084</td>\n",
       "      <td>1.000000</td>\n",
       "      <td>-0.022002</td>\n",
       "      <td>-0.034860</td>\n",
       "    </tr>\n",
       "    <tr>\n",
       "      <th>Volume</th>\n",
       "      <td>0.539006</td>\n",
       "      <td>0.040910</td>\n",
       "      <td>-0.043383</td>\n",
       "      <td>-0.041824</td>\n",
       "      <td>-0.048414</td>\n",
       "      <td>-0.022002</td>\n",
       "      <td>1.000000</td>\n",
       "      <td>0.014592</td>\n",
       "    </tr>\n",
       "    <tr>\n",
       "      <th>Today</th>\n",
       "      <td>0.030095</td>\n",
       "      <td>-0.026155</td>\n",
       "      <td>-0.010250</td>\n",
       "      <td>-0.002448</td>\n",
       "      <td>-0.006900</td>\n",
       "      <td>-0.034860</td>\n",
       "      <td>0.014592</td>\n",
       "      <td>1.000000</td>\n",
       "    </tr>\n",
       "  </tbody>\n",
       "</table>\n",
       "</div>"
      ],
      "text/plain": [
       "            Year      Lag1      Lag2      Lag3      Lag4      Lag5    Volume  \\\n",
       "Year    1.000000  0.029700  0.030596  0.033195  0.035689  0.029788  0.539006   \n",
       "Lag1    0.029700  1.000000 -0.026294 -0.010803 -0.002986 -0.005675  0.040910   \n",
       "Lag2    0.030596 -0.026294  1.000000 -0.025897 -0.010854 -0.003558 -0.043383   \n",
       "Lag3    0.033195 -0.010803 -0.025897  1.000000 -0.024051 -0.018808 -0.041824   \n",
       "Lag4    0.035689 -0.002986 -0.010854 -0.024051  1.000000 -0.027084 -0.048414   \n",
       "Lag5    0.029788 -0.005675 -0.003558 -0.018808 -0.027084  1.000000 -0.022002   \n",
       "Volume  0.539006  0.040910 -0.043383 -0.041824 -0.048414 -0.022002  1.000000   \n",
       "Today   0.030095 -0.026155 -0.010250 -0.002448 -0.006900 -0.034860  0.014592   \n",
       "\n",
       "           Today  \n",
       "Year    0.030095  \n",
       "Lag1   -0.026155  \n",
       "Lag2   -0.010250  \n",
       "Lag3   -0.002448  \n",
       "Lag4   -0.006900  \n",
       "Lag5   -0.034860  \n",
       "Volume  0.014592  \n",
       "Today   1.000000  "
      ]
     },
     "execution_count": 18,
     "metadata": {},
     "output_type": "execute_result"
    }
   ],
   "source": [
    "Smarket.drop(columns=['Direction']).corr()"
   ]
  },
  {
   "cell_type": "code",
   "execution_count": 21,
   "id": "c9b154c3-ee77-42c9-b95c-02b48006d22b",
   "metadata": {},
   "outputs": [
    {
     "name": "stdout",
     "output_type": "stream",
     "text": [
      "            Year      Lag1      Lag2      Lag3      Lag4      Lag5    Volume  \\\n",
      "Year    1.000000  0.029700  0.030596  0.033195  0.035689  0.029788  0.539006   \n",
      "Lag1    0.029700  1.000000 -0.026294 -0.010803 -0.002986 -0.005675  0.040910   \n",
      "Lag2    0.030596 -0.026294  1.000000 -0.025897 -0.010854 -0.003558 -0.043383   \n",
      "Lag3    0.033195 -0.010803 -0.025897  1.000000 -0.024051 -0.018808 -0.041824   \n",
      "Lag4    0.035689 -0.002986 -0.010854 -0.024051  1.000000 -0.027084 -0.048414   \n",
      "Lag5    0.029788 -0.005675 -0.003558 -0.018808 -0.027084  1.000000 -0.022002   \n",
      "Volume  0.539006  0.040910 -0.043383 -0.041824 -0.048414 -0.022002  1.000000   \n",
      "Today   0.030095 -0.026155 -0.010250 -0.002448 -0.006900 -0.034860  0.014592   \n",
      "\n",
      "           Today  \n",
      "Year    0.030095  \n",
      "Lag1   -0.026155  \n",
      "Lag2   -0.010250  \n",
      "Lag3   -0.002448  \n",
      "Lag4   -0.006900  \n",
      "Lag5   -0.034860  \n",
      "Volume  0.014592  \n",
      "Today   1.000000  \n"
     ]
    }
   ],
   "source": [
    "# This line selects only the numeric columns\n",
    "numeric_data = Smarket.select_dtypes(include=[\"number\"])\n",
    "\n",
    "# Now this will work with no error\n",
    "correlation_matrix = numeric_data.corr()\n",
    "print(correlation_matrix)\n"
   ]
  },
  {
   "cell_type": "code",
   "execution_count": 20,
   "id": "deb49686-d579-4633-a7bf-56e8b31db917",
   "metadata": {},
   "outputs": [
    {
     "name": "stdout",
     "output_type": "stream",
     "text": [
      "Year            int64\n",
      "Lag1          float64\n",
      "Lag2          float64\n",
      "Lag3          float64\n",
      "Lag4          float64\n",
      "Lag5          float64\n",
      "Volume        float64\n",
      "Today         float64\n",
      "Direction    category\n",
      "dtype: object\n"
     ]
    }
   ],
   "source": [
    "print(Smarket.dtypes)\n"
   ]
  },
  {
   "cell_type": "code",
   "execution_count": 22,
   "id": "1dca6945-defc-41ee-b9a3-48d4df0f5cbe",
   "metadata": {},
   "outputs": [
    {
     "data": {
